1013
10912
6261
11178
4003
3188
14157
2368
2517
1151
4406
14759
10564
3815
9763
1267
14642
10621
1610
14055
6308
2555
2548
11049
3429
7618
9568
3427
5345
9383
10642
1214
11009
2196
8919
3276
2302
14487
10889
3959
10710
12979
4743
11241
5063
9314
9952
2283
9582
4513
6392
8665
4743
11924
3681
14879
2991
93
13752
7169
2898
14178
7436
6697
2484
8736
4021
6858
8200
9516
6579
8934
9354
13233
2602
10384
12548
12576
11629
8161
1818
11103
4180
1967
846
8816
3627
1080
12947
5629
306
4069
3226
8214
8715
756
4342
2516
11224
10138
1618
13655
3544
859
10247
11005
13114
8852
12105
6803
14785
9596
1358
5255
8741
3630
7864
4154
6020
12910
6376
14872
7164
5386
9721
14594
14307
7946
1708
216
13842
4404
12214
11743
5949
7838
9277
9713
11773
2529
10564
11652
1957
7392
2724
776
6537
11493
11081
11074
14708
12178
10677
8143
8998
700
12362
2345
12553
11828
6760
2879
10641
1153
7169
3732
10249
11472
5068
7083
11325
6103
7174
13512
6041
8804
8432
8722
10211
6331
4810
7614
6411
4052
5546
2905
9112
9582
8191
2974
7448
572
6771
13769
13839
3089
14338
12388
12504
13924
2813
1221
2801
2580
10569
12572
14366
8554
1671
10250
12835
10085
3694
5640
14329
3523
7978
8034
14255
5321
8976
6463
6295
527
5637
264
11700
12412
11265
2466
8126
9476
9918
3870
1891
10440
5716
6500
4284
6459
9652
5530
6056
12555
5192
10007
1936
14645
4149
9095
8993
7952
10482
8043
113
3432
7866
1982
12029
549
3119
8221
2575
1763
13102
7275
13453
4715
4694
9737
2577
10794
7757
13929
9978
8112
14847
6567
11157
3885
10651
2683
5874
10886
13409
12412
12893
6207
10855
2816
10620
808
5027
6433
9435
609
6280
11749
4939
8835
12715
3346
5480
3523
6482
12055
10325
11553
13525
11425
959
11051
5160
7999
10073
897
4035
13501
4024
7197
4048
1686
5298
7521
10003
10092
14652
14122
5130
7113
1306
14979
6960
13708
6987
8107
7348
9106
4141
2736
368
5556
9677
7900
4163
11916
9458
3743
8350
10206
9652
5780
1340
9521
985
1839
11768
9886
8603
9590
530
12159
6214
9605
11291
14361